version https://git-lfs.github.com/spec/v1
oid sha256:e0d945a31b4a8b452a0089bdf9d10fd4def60dd794364e36581714c7dce69bdf
size 2221
