version https://git-lfs.github.com/spec/v1
oid sha256:4954b5193afadb445f5d95c78456af19d53736afb23aa73d86f2fdbc311e91e5
size 2514
