version https://git-lfs.github.com/spec/v1
oid sha256:7f507df649fb9a0dadefb2ca913465c11a16ecb0de345e5f07a17392aea037a5
size 2376
