version https://git-lfs.github.com/spec/v1
oid sha256:20b262e7b7151e6f7a805d2f37490e276bafc81ee53d7bf2cd916ff47858e233
size 2316
